29817
28808
28884
29536
29509
29188
28957
29782
28783
29013
28706
28499
29023
28607
28571
29061
28801
28643
28826
29874
28933
28709
32593
29061
29141
29022
28809
28651
29929
29011
28656
28564
28549
28373
28609
28894
28524
28851
28462
28456
31925
28997
28810
29346
29100
28951
29069
29858
29956
28526
28890
30081
28656
28820
28868
28814
28988
29534
28696
28533
28629
28496
32250
28897
29447
29378
30425
28992
30156
28606
28590
28844
28393
31641
28612
29369
28551
29085
28526
29287
29455
29362
29802
29005
28706
28866
29967
28490
29082
29036
28660
28439
28528
29063
28815
29194
28757
28496
28639
29461
