84484
82736
82287
80369
81145
78974
78426
78194
75843
74526
77609
73422
70312
70637
70563
68261
67022
67648
67585
67885
66840
66350
63112
61791
60946
60291
59172
58448
58123
58644
60788
63096
63504
65182
67229
67818
67825
70665
82755
82134
78106
81941
81127
75696
73021
71881
72754
71285
70153
71309
70129
71074
72239
72033
75192
72971
73845
70684
69064
72035
71397
69833
71151
68385
68424
67969
66314
64044
63353
63100
62698
59424
61225
60449
60484
60382
60913
63708
65410
64884
64632
67842
67358
67503
69690
68840
71655
69625
71617
74989
74719
76834
75937
76208
76396
79104
80539
76999
78526
80954
79236
81060
77612
77883
77887
76323
76416
75215
74344
74448
74267
75556
72028
72220
72173
69009
67034
66647
67009
74891
70673
65462
67703
63641
61889
60031
61433
59518
61549
60771
61017
62583
63017
65219
66962
67488
68504
70439
72179
72145
70529
70896
70964
71394
71893
72562
73384
70809
71305
71007
71005
70587
70341
72275
71212
70746
71807
70831
70012
71613
71523
71050
70202
71392
70176
69679
65503
64326
63825
60313
60475
60599
62599
60455
61860
60081
61118
62194
63195
62645
65753
67565
66397
68593
68780
69142
69180
69714
71133
72092
73169
75782
74294
76378
76614
77194
77637
77670
77581
77164
77933
79346
79524
78000
78007
76847
76290
74892
73112
72867
73149
72077
69978
71623
69198
68557
67649
69139
66545
66256
63832
62910
62427
61155
61038
60533
59796
60026
61021
59768
62926
63499
64581
64799
66984
66680
69897
70758
71736
71431
74282
73314
71954
73383
72892
72272
71431
71390
75857
74060
71801
72106
75029
72934
73023
71809
71619
69850
70261
72257
71669
70602
69899
70501
69145
68340
65332
62902
61761
61952
59886
62005
60874
64232
62062
61614
61317
62891
62368
63418
63526
66311
65693
68273
67953
69142
69280
70761
73624
73260
85931
82650
73740
75069
79024
76969
77362
78519
80084
78723
77715
82951
79706
76796
76946
77680
77126
75716
74572
78039
73759
71350
69992
69911
67626
67694
67770
67643
66927
66549
65024
66282
62706
61282
61097
59872
60835
57976
59890
60673
63522
62521
64013
65908
65983
66378
68178
68453
69721
69908
69544
70493
71122
71610
71552
72585
71905
71567
73647
